1 0 64328.0 -1.5110665993127653e7 1.4633846316528112e8 -11615.49776041867 -31.115542512653185 -3.161681123184359 3.499449436788653 2600.0
1 0 64328.0 -1.5110665993127653e7 1.4633846316528112e8 -11615.49776041867 -29.87880186530822 -0.3597524633710794 3.7743896087277693 2600.0
1 -1 64328.0 0.0 0.0 0.0
1 -1 64328.0 0.00011221408499579948 9.864987189250884e-5 0.00017587108846617576
1 -1 64329.0 0.00012069409433026019 0.00010121981884440149 0.00016864732945436062
1 -1 64330.0 0.00013009773005909374 0.0001039093948840808 0.0001597869086143502
1 -1 64331.0 0.00014045106194149614 0.00010663840133832007 0.00014884954970305166
1 -1 64332.0 0.0001516933339087584 0.00010926206200863347 0.00013529734717136098
1 -1 64333.0 0.00016360713642374634 0.00011154031484225121 0.00011851540400093974
1 -1 64334.0 0.00017572432091496597 0.0001131070633044847 9.788867753757156e-5
1 -1 64335.0 0.00018723257761754568 0.00011346035909294649 7.297360293069802e-5
1 -1 64336.0 0.0001969537696575164 0.00011201294295071213 4.37807168941394e-5
1 -1 64337.0 0.00020350626512687507 0.00010824324001611603 1.1092294556418119e-5
1 -1 64338.0 0.00020571123541825257 0.00010192880655286519 -2.3406067206179236e-5
1 -1 64339.0 0.00020309097762272302 9.333185806471376e-5 -5.7425230118324556e-5
1 -1 64340.0 0.00019610924773701734 8.316958660538931e-5 -8.876046869338907e-5
1 -1 64341.0 0.00018594661157156762 7.2357975970493e-5 -0.00011594230874154135
1 -1 64342.0 0.00017400194332637097 6.171280746177737e-5 -0.000138453209145535
1 -1 64343.0 0.00016147465108243096 5.178462939493197e-5 -0.00015652069267721281
1 -1 64344.0 0.00014919264450896007 4.285040190821065e-5 -0.0001707625131921469
1 -1 64345.0 0.00013763116687004798 3.49861844096993e-5 -0.00018190125576384092
1 -1 64346.0 0.0001270078918802234 2.81500305841326e-5 -0.0001906069495882276
1 -1 64347.0 0.00011737983557870646 2.22441096520808e-5 -0.00019743761508240977
1 -1 64348.0 0.00010871547367626381 1.7152530444588588e-5 -0.00020283287346451826
1 -1 64349.0 0.00010094081553509964 1.2761177460550314e-5 -0.000207129288598117
1 -1 64350.0 9.396612453009433e-5 8.966562857125447e-6 -0.0002105811156979876
1 -1 64351.0 8.770022460617807e-5 5.678723285147131e-6 -0.00021337961667932195
1 -1 64352.0 8.205747879056632e-5 2.8212011496419887e-6 -0.0002156688413239131
1 -1 64353.0 7.696068521840492e-5 3.2977582197959706e-7 -0.00021755776775161012
1 -1 64354.0 7.23418159877545e-5 -1.8492074550833329e-6 -0.00021912936871372842
1 -1 64355.0 6.81416896082492e-5 -3.760511876907725e-6 -0.00022044728812190987
1 -1 64356.0 6.430917323543607e-5 -5.441520138174689e-6 -0.00022156073266705155
1 -1 64357.0 6.0800228748134774e-5 -6.9235302536569675e-6 -0.0002225080562309011
1 -1 64358.0 5.7576959993028016e-5 -8.232836789720411e-6 -0.00022331939517663987
1 -1 64359.0 5.4606733467145505e-5 -9.391619638335808e-6 -0.00022401861605093136
1 -1 64360.0 5.1861399792738076e-5 -1.041866889739823e-5 -0.000224624764346575
1 -1 64361.0 4.9316620542205884e-5 -1.1329974040555013e-5 -0.0002251531497567802
1 -1 64362.0 4.695129416795156e-5 -1.2139202456514219e-5 -0.00022561616513359445
1 -1 64363.0 4.474707035724259e-5 -1.2858088564505174e-5 -0.0002260239091199844
1 -1 64364.0 4.2687940970478836e-5 -1.3496750942275428e-5 -0.00022638466304439277
1 -1 64365.0 4.075989614995271e-5 -1.4063951576933894e-5 -0.0002267052588603964
1 -1 64366.0 3.89506353059803e-5 -1.4567308556431056e-5 -0.00022699136504459236
1 -1 64367.0 3.724932403027982e-5 -1.501347123857291e-5 -0.00022724771027632682
1 -1 64368.0 3.5646389320586326e-5 -1.5408265100778917e-5 -0.0002274782596012626
1 -1 64369.0 3.413334672043132e-5 -1.5756812012977874e-5 -0.00022768635405779835
1 -1 64370.0 3.270265404524336e-5 -1.606363051787933e-5 -0.00022787482202147143
1 -1 64371.0 3.134758727562705e-5 -1.633271978654708e-5 -0.00022804606851633885
1 -1 64372.0 3.0062134961882003e-5 -1.6567630192403316e-5 -0.00022820214725497533
1 -1 64373.0 2.8840908117754184e-5 -1.6771522872870858e-5 -0.0002283448190587223
1 -1 64374.0 2.7679063104869424e-5 -1.6947220192525968e-5 -0.00022847559947602233
1 -1 64375.0 2.6572235439994902e-5 -1.7097248659470438e-5 -0.0002285957977863882
1 -1 64376.0 2.5516482811051624e-5 -1.7223875557718224e-5 -0.00022870654909813056
1 -1 64377.0 2.4508235878287527e-5 -1.7329140327158564e-5 -0.00022880884088111286
1 -1 64378.0 2.354425567563819e-5 -1.741488153695729e-5 -0.00022890353499343118
1 -1 64379.0 2.262159662351206e-5 -1.7482760148596544e-5 -0.00022899138604235163
1 -1 64380.0 2.173757432586386e-5 -1.7534279643691994e-5 -0.0002290730567497286
1 -1 64381.0 2.0889737457775143e-5 -1.757080349345197e-5 -0.00022914913085903747
1 -1 64382.0 2.0075843160067373e-5 -1.7593570366573147e-5 -0.00022922012401648738
1 -1 64383.0 1.929383544888419e-5 -1.7603707406895496e-5 -0.00022928649297597389
1 -1 64384.0 1.854182622416172e-5 -1.7602241858411582e-5 -0.00022934864341194825
1 -1 64385.0 1.7818078524188018e-5 -1.7590111270985196e-5 -0.00022940693657189781
1 -1 64386.0 1.7120991726319673e-5 -1.7568172483577295e-5 -0.00022946169495815543
1 -1 64387.0 1.644908843818409e-5 -1.753720955146993e-5 -0.00022951320719498508
1 -1 64388.0 1.580100286086766e-5 -1.749794075876834e-5 -0.00022956173220960304
1 -1 64389.0 1.5175470436871043e-5 -1.7451024836426528e-5 -0.00022960750283366303
1 -1 64390.0 1.4571318622022497e-5 -1.7397066488430504e-5 -0.00022965072891370852
1 -1 64391.0 1.3987458642877315e-5 -1.733662131399075e-5 -0.00022969160000436796
1 -1 64392.0 1.3422878120086209e-5 -1.7270200201143128e-5 -0.00022973028770598735
1 -1 64393.0 1.2876634454330478e-5 -1.7198273256644034e-5 -0.0002297669476984491
1 -1 64394.0 1.2347848885160611e-5 -1.712127332813781e-5 -0.00022980172151471678
1 -1 64395.0 1.1835701144814225e-5 -1.7039599167014283e-5 -0.00022983473809084126
1 -1 64396.0 1.1339424639144171e-5 -1.6953618273932514e-5 -0.00022986611512351037
1 -1 64397.0 1.0858302096419493e-5 -1.6863669463488593e-5 -0.0002298959602615095
1 -1 64398.0 1.039166163219085e-5 -1.677006517980393e-5 -0.00022992437215352385
1 -1 64399.0 9.938873184808755e-6 -1.6673093590765127e-5 -0.00022995144137140635
1 -1 64400.0 9.499345281733579e-6 -1.6573020485185846e-5 -0.0002299772512252592
1 -1 64401.0 9.072522101547882e-6 -1.647009099415807e-5 -0.0002300018784843366
1 -1 64402.0 8.65788080075774e-6 -1.636453115527933e-5 -0.0002300253940157971
1 -1 64403.0 8.2549290780781e-6 -1.62565493362048e-5 -0.00023004786335165743
1 -1 64404.0 7.86320295204677e-6 -1.6146337532025937e-5 -0.00023006934719287732
1 -1 64405.0 7.482264730567131e-6 -1.6034072549290556e-5 -0.0002300899018582915
1 -1 64406.0 7.111701153377922e-6 -1.591991708800946e-5 -0.00023010957968507277
1 -1 64407.0 6.7511216905597365e-6 -1.580402073170468e-5 -0.0002301284293865243
1 -1 64408.0 6.400156982034825e-6 -1.5686520854432926e-5 -0.00023014649637224255
1 -1 64409.0 6.05845740464344e-6 -1.5567543452734774e-5 -0.00023016382303504113
1 -1 64410.0 5.725691754810404e-6 -1.5447203909591018e-5 -0.00023018044900846658
1 -1 64411.0 5.401546036079541e-6 -1.532560769670493e-5 -0.00023019641139825404
1 -1 64412.0 5.0857223419086486e-6 -1.5202851020768688e-5 -0.00023021174499065244
1 -1 64413.0 4.7779378251056774e-6 -1.5079021418768544e-5 -0.00023022648244019217
1 -1 64414.0 4.477923746160633e-6 -1.4954198306864803e-5 -0.0002302406544391485
1 -1 64415.0 4.185424593506401e-6 -1.482845348691983e-5 -0.00023025428987068986
1 -1 64416.0 3.900197269431922e-6 -1.4701851614339e-5 -0.00023026741594745731
1 -1 64417.0 3.622010335979969e-6 -1.4574450630508784e-5 -0.0002302800583371198
1 -1 64418.0 3.3506433157232643e-6 -1.4446302162813993e-5 -0.0002302922412762669
1 -1 64419.0 3.085886042785279e-6 -1.4317451894907411e-5 -0.00023030398767384666
1 -1 64420.0 2.8275380599214314e-6 -1.4187939909653661e-5 -0.00023031531920521394
1 -1 64421.0 2.5754080578613786e-6 -1.4057801006934912e-5 -0.00023032625639773956
1 -1 64422.0 2.329313353467851e-6 -1.3927064998302355e-5 -0.00023033681870881877
1 -1 64423.0 2.0890794035762433e-6 -1.379575698026867e-5 -0.00023034702459702892
1 -1 64424.0 1.8545393516696112e-6 -1.3663897587862627e-5 -0.0002303568915871009
1 -1 64425.0 1.6255336047886741e-6 -1.3531503229931002e-5 -0.00023036643632929778
1 -1 64426.0 1.4019094383137793e-6 -1.3398586307524667e-5 -0.0002303756746537303
1 -1 64427.0 1.1835206264555494e-6 -1.3265155416586738e-5 -0.00023038462162008097
1 -1 64428.0 9.702270964796191e-7 -1.313121553604952e-5 -0.0002303932915631592
1 -1 64429.0 7.618946048594662e-7 -1.2996768202348063e-5 -0.00023040169813466616
1 -1 64430.0 5.583944337012019e-7 -1.2861811671266112e-5 -0.00023040985434150615
1 -1 64431.0 3.596031059203012e-7 -1.2726341067937293e-5 -0.00023041777258094923
1 -1 64432.0 1.6540211778169006e-7 -1.2590348525768184e-5 -0.00023042546467291525
1 -1 64433.0 -2.432231248367508e-8 -1.2453823314960447e-5 -0.00023043294188962468
1 -1 64434.0 -2.0967948116128606e-7 -1.2316751961256065e-5 -0.00023044021498283418
1 -1 64435.0 -3.907744217226416e-7 -1.2179118355466722e-5 -0.00023044729420885408
1 -1 64436.0 -5.677081146833498e-7 -1.2040903854296517e-5 -0.00023045418935152356
1 -1 64437.0 -7.405776855754829e-7 -1.1902087372917446e-5 -0.000230460909743304
1 -1 64438.0 -9.094765918939055e-7 -1.1762645469701153e-5 -0.000230467464284631
1 -1 64439.0 -1.074494799805065e-6 -1.1622552423481937e-5 -0.00023047386146165437
1 -1 64440.0 -1.2357189513597994e-6 -1.1481780303671499e-5 -0.00023048010936248101
1 -1 64441.0 -1.3932325228917962e-6 -1.1340299033513268e-5 -0.0002304862156920233
1 -1 64442.0 -1.5471159752407958e-6 -1.119807644672414e-5 -0.00023049218778554555
1 -1 64443.0 -1.6974468963940149e-6 -1.105507833773893e-5 -0.00023049803262099137
1 -1 64444.0 -1.8443001371025251e-6 -1.0911268505737316e-5 -0.00023050375683016466
1 -1 64445.0 -1.9877479399950587e-6 -1.0766608792596069e-5 -0.00023050936670883127
1 -1 64446.0 -2.1278600626755462e-6 -1.0621059114883889e-5 -0.00023051486822579694
1 -1 64447.0 -2.264703895269645e-6 -1.0474577489978087e-5 -0.00023052026703101485
1 -1 64448.0 -2.3983445728531984e-6 -1.0327120056353195e-5 -0.00023052556846276558
1 -1 64449.0 -2.528845083178161e-6 -1.0178641088057154e-5 -0.00023053077755394834
1 -1 64450.0 -2.6562663700881427e-6 -1.0029093003360188e-5 -0.00023053589903751598
1 -1 64451.0 -2.780667433000384e-6 -9.878426367527406e-6 -0.00023054093735108211
1 -1 64452.0 -2.9021054228155336e-6 -9.726589889629517e-6 -0.00023054589664071984
1 -1 64453.0 -3.020635734602831e-6 -9.573530413272131e-6 -0.00023055078076397224
1 -1 64454.0 -3.1363120974001685e-6 -9.419192901085726e-6 -0.0002305555932920832
1 -1 64455.0 -3.2491866614572076e-6 -9.263520412778281e-6 -0.00023056033751145969
1 -1 64456.0 -3.35931008324698e-6 -9.106454076508059e-6 -0.00023056501642436278
1 -1 64457.0 -3.4667316085650824e-6 -8.947933053290613e-6 -0.00023056963274882956
1 -1 64458.0 -3.571499154034622e-6 -8.787894494104684e-6 -0.0002305741889178142
1 -1 64459.0 -3.6736593873387e-6 -8.626273489302231e-6 -0.00023057868707753698
1 -1 64460.0 -3.7732578064986402e-6 -8.463003009879824e-6 -0.00023058312908502237
1 -1 64461.0 -3.870338818531004e-6 -8.298013840091798e-6 -0.00023058751650480025
1 -1 64462.0 -3.964945817816561e-6 -8.131234500825199e-6 -0.00023059185060474058
1 -1 64463.0 -4.057121264531329e-6 -7.962591163070994e-6 -0.0002305961323509824
1 -1 64464.0 -4.1469067635010515e-6 -7.792007550743408e-6 -0.00023060036240191297
1 -1 64465.0 -4.234343143860007e-6 -7.619404832001053e-6 -0.00023060454110114184
1 -1 64466.0 -4.319470539916087e-6 -7.444701498114618e-6 -0.00023060866846940804
1 -1 64467.0 -4.402328473650028e-6 -7.267813228806281e-6 -0.0002306127441953466
1 -1 64468.0 -4.482955939307087e-6 -7.088652742850637e-6 -0.00023061676762503
1 -1 64469.0 -4.561391490575327e-6 -6.907129632572618e-6 -0.00023062073775018718
1 -1 64470.0 -4.637673330886243e-6 -6.72315018070677e-6 -0.00023062465319498743
1 -1 64471.0 -4.711839407421556e-6 -6.536617157887562e-6 -0.0002306285122012604
1 -1 64472.0 -4.783927509466513e-6 -6.3474295988189254e-6 -0.00023063231261200536
1 -1 64473.0 -4.853975371813778e-6 -6.155482554920224e-6 -0.00023063605185301783
1 -1 64474.0 -4.922020783998458e-6 -5.960666820960077e-6 -0.00023063972691244228
1 -1 64475.0 -4.988101706227833e-6 -5.762868632866084e-6 -0.00023064333431802383
1 -1 64476.0 -5.0522563929733434e-6 -5.561969333519067e-6 -0.00023064687011180573
1 -1 64477.0 -5.114523525302615e-6 -5.357845002920553e-6 -0.000230650329821975
1 -1 64478.0 -5.174942353165253e-6 -5.150366048627959e-6 -0.00023065370843151662
1 -1 64479.0 -5.233552849000159e-6 -4.939396751780459e-6 -0.00023065700034328513
1 -1 64480.0 -5.290395874206764e-6 -4.724794763397225e-6 -0.0002306601993410382
1 -1 64481.0 -5.345513360235497e-6 -4.506410544861304e-6 -0.00023066329854590808
1 -1 64482.0 -5.398948506286866e-6 -4.284086745636419e-6 -0.0002306662903677016
1 -1 64483.0 -5.450745995895934e-6 -4.057657510232377e-6 -0.00023066916645031878
1 -1 64484.0 -5.5009522350004176e-6 -3.826947705257094e-6 -0.00023067191761046458
1 -1 64485.0 -5.549615614479584e-6 -3.591772055996102e-6 -0.00023067453376868728
1 -1 64486.0 -5.596786800599474e-6 -3.3519341803252348e-6 -0.0002306770038716124
1 -1 64487.0 -5.642519057330052e-6 -3.1072255058529433e-6 -0.00023067931580404087
1 -1 64488.0 -5.68686860512888e-6 -2.857424053919712e-6 -0.0002306814562893462
1 -1 64489.0 -5.729895021521943e-6 -2.6022930714105255e-6 -0.00023068341077631653
1 -1 64490.0 -5.771661689700937e-6 -2.341579488144758e-6 -0.00023068516331024586
1 -1 64491.0 -5.812236302395264e-6 -2.075012173841986e-6 -0.00023068669638566178
1 -1 64492.0 -5.8516914295384906e-6 -1.8022999641318527e-6 -0.00023068799077756994
1 -1 64493.0 -5.890105159752855e-6 -1.5231294196347474e-6 -0.0002306890253474795
1 -1 64494.0 -5.927561827479057e-6 -1.2371622756290836e-6 -0.00023068977681971433
1 -1 64495.0 -5.9641528397836615e-6 -9.440325319161715e-7 -0.0002306902195225869
1 -1 64496.0 -5.9999776195153615e-6 -6.433431229148713e-7 -0.00023069032508785657
1 -1 64497.0 -6.035144684740818e-6 -3.346620963202798e-7 -0.0002306900621004673
1 -1 64498.0 -6.069772888341429e-6 -1.7518214386288188e-8 -0.0002306893956887714
1 -1 64499.0 -6.1039928465409364e-6 3.0860412569806985e-7 -0.00023068828704320883
1 -1 64500.0 -6.137948591166041e-6 6.442707776353866e-7 -0.00023068669284858343
1 -1 64501.0 -6.171799487922161e-6 9.901046903321328e-7 -0.0002306845646114949
1 -1 64502.0 -6.205722472348858e-6 1.346793896700072e-6 -0.00023068184785990514
1 -1 64503.0 -6.239914666845284e-6 1.7151008753403357e-6 -0.00023067848118594588
1 -1 64504.0 -6.274596457038488e-6 2.095873567054514e-6 -0.0002306743950954714
1 -1 64505.0 -6.3100151246319475e-6 2.490058396182772e-6 -0.00023066951061796704
1 -1 64506.0 -6.346449158054842e-6 2.8987157338819486e-6 -0.00023066373761745207
1 -1 64507.0 -6.384213393392208e-6 3.3230383527842356e-6 -0.00023065697272785934
1 -1 64508.0 -6.4236651784983575e-6 3.76437356837952e-6 -0.00023064909681351798
1 -1 64509.0 -6.465211806167841e-6 4.22424995300658e-6 -0.00023063997182463364
1 -1 64510.0 -6.50931953203889e-6 4.7044097604562256e-6 -0.00023062943687595454
1 -1 64511.0 -6.556524585882194e-6 5.206848534079992e-6 -0.00023061730331966576
1 -1 64512.0 -6.607446709838706e-6 5.733863821875624e-6 -0.00023060334850439227
1 -1 64513.0 -6.662805926730161e-6 6.288115533274491e-6 -0.0002305873078013289
1 -1 64514.0 -6.7234434741465145e-6 6.872701311049862e-6 -0.00023056886432134196
1 -1 64515.0 -6.790348162863099e-6 7.4912514568241544e-6 -0.00023054763552113168
1 -1 64516.0 -6.864689871704741e-6 8.148049582966997e-6 -0.00023052315556784783
1 -1 64517.0 -6.9478625372421175e-6 8.848187497270282e-6 -0.0002304948518453906
1 -1 64518.0 -7.0415399298137595e-6 9.597766190896339e-6 -0.00023046201325525658
1 -1 64519.0 -7.147748877905503e-6 1.0404159747721757e-5 -0.00023042374684714923
1 -1 64520.0 -7.26896664902722e-6 1.1276366375915363e-5 -0.00023037891757151036
1 -1 64521.0 -7.408252307882945e-6 1.222548199710474e-5 -0.00023032606316902786
1 -1 64522.0 -7.5694267074869435e-6 1.3265349291378243e-5 -0.00023026327168224642
1 -1 64523.0 -7.757323450997957e-6 1.4413462826985344e-5 -0.00023018800149351515
1 -1 64524.0 -7.978145676351453e-6 1.5692256121872383e-5 -0.00023009681073363835
1 -1 64525.0 -8.239984487951051e-6 1.713097226222421e-5 -0.00022998493967314694
1 -1 64526.0 -8.553591124339027e-6 1.876845079896868e-5 -0.00022984564685024734
1 -1 64527.0 -8.933559932473472e-6 2.0657398658362055e-5 -0.00022966911729960387
1 -1 64528.0 -9.400200464197954e-6 2.287115152972859e-5 -0.00022944059519528441
1 -1 64529.0 -9.982613979349296e-6 2.551479024242019e-5 -0.0002291370397223164
1 -1 64530.0 -1.0723978341590492e-5 2.8744247631515507e-5 -0.00022872080054809506
1 -1 64531.0 -1.1691118377402973e-5 3.280093412596542e-5 -0.00022812684315822284
1 -1 64532.0 -1.299297552671246e-5 3.8078625273692554e-5 -0.00022723477065156032
1 -1 64533.0 -1.4819133247102503e-5 4.526316658231149e-5 -0.00022580097245281807
1 -1 64534.0 -1.7528223755529048e-5 5.5653696702128034e-5 -0.00022327083899673932
1 -1 64535.0 -2.1875251596898283e-5 7.199134561310307e-5 -0.00021815856542062217
1 -1 64536.0 -2.9660787846767582e-5 0.00010084242834789492 -0.0002054397295127161
1 -1 64537.0 -4.516880894398231e-5 0.0001580498230850231 -0.00016197059080424648
1 -1 64538.0 -6.197462854434164e-5 0.00022226575240750138 3.394244934065012e-6
1 -1 64539.0 -4.186987627279589e-5 0.00015337957925269711 0.00016726045054158228
1 -1 64540.0 -2.5385383729588383e-5 9.475662237295597e-5 0.0002088808392520238
1 -1 64541.0 -1.7306340321439642e-5 6.567945311890041e-5 0.0002205473650511209
1 -1 64542.0 -1.284318566946514e-5 4.944594229396783e-5 0.00022504353265954
1 -1 64543.0 -1.0078949370008948e-5 3.927641317539916e-5 0.00022717882466922134
1 -1 64544.0 -8.223731530462332e-6 3.2364188425657303e-5 0.0002283404690122463
1 -1 64545.0 -6.905855147106134e-6 2.7385355729556495e-5 0.00022903447711812848
1 -1 64546.0 -5.930017801426511e-6 2.364314375526806e-5 0.00022947827109732338
1 -1 64547.0 -5.184456506424416e-6 2.0738367499956766e-5 0.0002297770262641511
1 -1 64548.0 -4.60082122233663e-6 1.842668657344052e-5 0.00022998636905626266
1 -1 64549.0 -4.135046535728816e-6 1.6550461933672847e-5 0.0002301378367341213
1 -1 64550.0 -3.7574817186709763e-6 1.5003557131349605e-5 0.00023025033097115048
1 -1 64551.0 -3.4474582216253394e-6 1.3711948265920269e-5 0.00023033570679640517
1 -1 64552.0 -3.1901355361230814e-6 1.2622458325560036e-5 0.00023040168599854
1 -1 64553.0 -2.9745859947976963e-6 1.1695912721807316e-5 0.00023045346125564065
1 -1 64554.0 -2.7925867468865e-6 1.0902819969647767e-5 0.00023049462103911386
1 -1 64555.0 -2.6378324527852656e-6 1.0220555438857572e-5 0.00023052770429932907
1 -1 64556.0 -2.505407390873599e-6 9.631472308889073e-6 0.00023055454462896194
1 -1 64557.0 -2.3914225826246598e-6 9.121602574941538e-6 0.0002305764902362072
1 -1 64558.0 -2.292760808088409e-6 8.679743971385299e-6 0.0002305945482631196
1 -1 64559.0 -2.2068938958956234e-6 8.29680549941455e-6 0.0002306094816894868
1 -1 64560.0 -2.131749489968248e-6 7.965330038112719e-6 0.00023062187576161348
1 -1 64561.0 -2.0656123516471783e-6 7.679140595507632e-6 0.00023063218438606686
1 -1 64562.0 -2.007050194944813e-6 7.433074412730962e-6 0.00023064076308125557
1 -1 64563.0 -1.954857229236327e-6 7.2227804938209985e-6 0.00023064789274263478
1 -1 64564.0 -1.9080106695069147e-6 7.0445635944707285e-6 0.00023065379702395447
1 -1 64565.0 -1.865636869877031e-6 6.895262696224939e-6 0.00023065865521369752
1 -1 64566.0 -1.826984686141661e-6 6.77215539235701e-6 0.00023066261188784464
1 -1 64567.0 -1.7914043300484708e-6 6.6728819632715e-6 0.00023066578422580822
1 -1 64568.0 -1.758330439044932e-6 6.595384569717486e-6 0.0002306682676121137
1 -1 64569.0 -1.7272684130885838e-6 6.537858166094571e-6 0.0002306701399665998
1 -1 64570.0 -1.6977833062106925e-6 6.498710581685244e-6 0.00023067146512183666
1 -1 64571.0 -1.6694907325201063e-6 6.476529833734407e-6 0.0002306722954797419
1 -1 64572.0 -1.6420493729872252e-6 6.470057190042337e-6 0.00023067267411800926
1 -1 64573.0 -1.615154763565932e-6 6.478164836319095e-6 0.00023067263647306492
1 -1 64574.0 -1.5885341159510707e-6 6.4998372570594015e-6 0.00023067221169451306
1 -1 64575.0 -1.5619419758665521e-6 6.534155630788804e-6 0.00023067142374284946
1 -1 64576.0 -1.5351565647166387e-6 6.580284687277264e-6 0.0002306702922851255
1 -1 64577.0 -1.5079766819543614e-6 6.6374615873137114e-6 0.00023066883343053773
1 -1 64578.0 -1.4802190699650082e-6 6.704986473281044e-6 0.00023066706033838483
1 -1 64579.0 -1.4517161623578915e-6 6.7822144072342574e-6 0.00023066498372363497
1 -1 64580.0 -1.4223141515671937e-6 6.868548467005865e-6 0.00023066261227986138
1 -1 64581.0 -1.391871323540806e-6 6.963433813453342e-6 0.00023065995303510296
1 -1 64582.0 -1.3602566167430693e-6 7.066352575850504e-6 0.00023065701165296147
1 -1 64583.0 -1.3273483702615084e-6 7.176819429547495e-6 0.00023065379268873113
1 -1 64584.0 -1.2930332318913481e-6 7.294377761843973e-6 0.00023065029980838474
1 -1 64585.0 -1.257205201991277e-6 7.418596339665027e-6 0.00023064653597669896
1 -1 64586.0 -1.2197647929032125e-6 7.549066406965859e-6 0.00023064250361957836
1 -1 64587.0 -1.1806182869882249e-6 7.685399151488061e-6 0.00023063820476466868
1 -1 64588.0 -1.1396770790106362e-6 7.827223490088305e-6 0.00023063364116357958
1 -1 64589.0 -1.0968570907980338e-6 7.974184129743157e-6 0.00023062881439841557
1 -1 64590.0 -1.0520782479299819e-6 8.12593986786633e-6 0.0002306237259748182
1 -1 64591.0 -1.0052640097134232e-6 8.282162100980435e-6 0.00023061837740332043
1 -1 64592.0 -9.563409449586223e-7 8.442533515285683e-6 0.00023061277027048882
1 -1 64593.0 -9.052383471196678e-7 8.606746936432207e-6 0.00023060690630106586
1 -1 64594.0 -8.518878832373268e-7 8.774504318947434e-6 0.00023060078741210998
1 -1 64595.0 -7.962232718607664e-7 8.94551585841931e-6 0.00023059441575995414
1 -1 64596.0 -7.381799857439137e-7 9.119499211768801e-6 0.0002305877937806643
1 -1 64597.0 -6.77694975631363e-7 9.29617881282589e-6 0.00023058092422455814
1 -1 64598.0 -6.1470641189069e-7 9.47528527202267e-6 0.00023057381018525266
1 -1 64599.0 -5.491534411186085e-7 9.65655485037486e-6 0.00023056645512362865
1 -1 64600.0 -4.809759551604732e-7 9.83972899907408e-6 0.0002305588628870387
1 -1 64601.0 -4.1011437024844353e-7 1.0024553957007792e-5 0.0002305510377240315
1 -1 64601.75 -3.551710798357462e-7 1.0164105876645982e-5 0.0002305450187815456
1 -1 64601.75 0.0 0.0 0.0
1 55746 64601.75 132141.4603036657 -2327.9240444072307 -17215.137555874826 0.0004445104445044796 0.03304776616074263 0.0026088593048800533 2600.0
1 55746 64601.75 132141.4603036657 -2327.9240444072307 -17215.137555874826 0.0004445104445044796 0.03304776616074263 0.0026088593048800533 2560.0
