1 0 64668.0 3.9991267770226076e7 1.418479992507775e8 -9820.479769079664 -29.15535886373534 7.981942350373404 -0.0013795018515080058 2600.0
1 0 64668.0 3.9991267770226076e7 1.418479992507775e8 -9820.479769079664 -28.996041238541988 9.487637542167304 3.568550086268246 2600.0
1 -1 64668.0 0.0 0.0 0.0
1 -1 64668.0 9.007169729079555e-6 -7.299884247961995e-6 -0.0002304778090255935
1 -1 64669.0 6.940085795319194e-6 -7.048390513837822e-6 -0.00023067460176068097
1 -1 64670.0 4.874091752186525e-6 -6.798040726585774e-6 -0.00023085256705675082
1 -1 64671.0 2.8091513676184543e-6 -6.548721719387819e-6 -0.00023101178540020179
1 -1 64672.0 7.452302698911929e-7 -6.300328175280823e-6 -0.00023115233044979002
1 -1 64673.0 -1.3177042298754417e-6 -6.05276205794364e-6 -0.0002312742692649958
1 -1 64674.0 -3.3796833086490543e-6 -5.8059320757522535e-6 -0.00023137766251033756
1 -1 64675.0 -5.440736795301925e-6 -5.559753176007382e-6 -0.00023146256463706252
1 -1 64676.0 -7.500893326877067e-6 -5.3141460665347324e-6 -0.00023152902404355828
1 -1 64677.0 -9.560180496838997e-6 -5.069036762135105e-6 -0.00023157708321574593
1 -1 64678.0 -1.161862499495667e-5 -4.824356153591102e-6 -0.00023160677884864804
1 -1 64679.0 -1.3676252738299289e-5 -4.580039597173324e-6 -0.00023161814195025502
1 -1 64680.0 -1.573308899318466e-5 -4.336026522736848e-6 -0.0002316111979287629
1 -1 64681.0 -1.7789158487571613e-5 -4.092260058710378e-6 -0.00023158596666419801
1 -1 64682.0 -1.9844485513692555e-5 -3.8486866723943565e-6 -0.00023154246256539896
1 -1 64683.0 -2.1899094020613487e-5 -3.6052558241304476e-6 -0.00023148069461328326
1 -1 64684.0 -2.395300769646929e-5 -3.361919634015054e-6 -0.000231400666391289
1 -1 64685.0 -2.6006250040139633e-5 -3.1186325599311032e-6 -0.0002313023761038385
1 -1 64686.0 -2.805884442214058e-5 -2.875351085762183e-6 -0.0002311858165836494
1 -1 64687.0 -3.0110814134547363e-5 -2.6320334187278324e-6 -0.0002310509752886774
1 -1 64688.0 -3.216218242973252e-5 -2.388639194852472e-6 -0.00023089783428945472
1 -1 64689.0 -3.421297254798332e-5 -2.1451291916035213e-6 -0.00023072637024754267
1 -1 64690.0 -3.626320773308731e-5 -1.9014650469104424e-6 -0.0002305365543858662
1 -1 64691.0 -3.8312911237078634e-5 -1.657608983555182e-6 -0.00023032835245151832
1 -1 64692.0 -4.036210631262986e-5 -1.413523538296783e-6 -0.0002301017246718098
1 -1 64693.0 -4.2410816193812056e-5 -1.1691712948462058e-6 -0.00022985662570415157
1 -1 64694.0 -4.4459064064816016e-5 -9.245146199686796e-7 -0.00022959300458042585
1 -1 64695.0 -4.6506873016557095e-5 -6.795154019666679e-7 -0.0002293108046464648
1 -1 64696.0 -4.8554265991048194e-5 -4.341347908123489e-7 -0.00022900996349724636
1 -1 64697.0 -5.060126571342342e-5 -1.883329392038219e-7 -0.00022869041290840233
1 -1 64698.0 -5.2647894611494645e-5 5.79312561807895e-8 -0.00022835207876463172
1 -1 64699.0 -5.46941747227125e-5 3.0470041396103706e-7 -0.00022799488098559846
1 -1 64700.0 -5.6740127588444166e-5 5.520189286099111e-7 -0.0002276187334498856
1 -1 64701.0 -5.878577413523646e-5 7.9993323301656e-7 -0.00022722354391761484
1 -1 64702.0 -6.083113454339741e-5 1.0484920638942145e-6 -0.00022680921395221704
1 -1 64703.0 -6.287622810200559e-5 1.2977467307368183e-6 -0.00022637563884206314
1 -1 64704.0 -6.492107305084968e-5 1.54775138924338e-6 -0.0002259227075224117
1 -1 64705.0 -6.696568640868656e-5 1.798563320018167e-6 -0.00022545030249833614
1 -1 64706.0 -6.901008378792438e-5 2.050243213493031e-6 -0.0002249582997691612
1 -1 64707.0 -7.105427919513794e-5 2.302855461981994e-6 -0.0002244465687550947
1 -1 64708.0 -7.309828481747066e-5 2.556468459910275e-6 -0.00022391497222660765
1 -1 64709.0 -7.514211079452107e-5 2.811154913271034e-6 -0.00022336336623722823
1 -1 64710.0 -7.718576497543766e-5 3.0669921594489364e-6 -0.00022279160006040204
1 -1 64711.0 -7.922925266089712e-5 3.3240624986237735e-6 -0.0002221995161310962
1 -1 64712.0 -8.127257632961854e-5 3.5824535380543836e-6 -0.00022158694999285426
1 -1 64713.0 -8.331573534902791e-5 3.842258550637983e-6 -0.00022095373025103596
1 -1 64714.0 -8.535872566962627e-5 4.103576849243065e-6 -0.00022029967853301585
1 -1 64715.0 -8.740153950269732e-5 4.3665141784493976e-6 -0.00021962460945612144
1 -1 64716.0 -8.944416498070086e-5 4.631183125427033e-6 -0.00021892833060420066
1 -1 64717.0 -9.148658580001478e-5 4.8977035518832635e-6 -0.00021821064251364826
1 -1 64718.0 -9.352878084530626e-5 5.16620304912639e-6 -0.00021747133866986825
1 -1 64719.0 -9.55707237949773e-5 5.4368174184988106e-6 -0.00021671020551513505
1 -1 64720.0 -9.761238270678499e-5 5.709691179621369e-6 -0.00021592702246898444
1 -1 64721.0 -9.965371958344768e-5 5.9849781091808555e-6 -0.00021512156196202894
1 -1 64722.0 -0.00010169468991674761 6.2628418131313125e-6 -0.00021429358948462857
1 -1 64723.0 -0.00010373524220972243 6.543456335579401e-6 -0.0002134428636514843
1 -1 64724.0 -0.00010577531747582738 6.827006807879105e-6 -0.0002125691362835383
1 -1 64725.0 -0.00010781484871405487 7.1136901418384685e-6 -0.0002116721525085705
1 -1 64726.0 -0.00010985376035887502 7.403715771339706e-6 -0.00021075165088198358
1 -1 64727.0 -0.0001118919677037525 7.697306447124501e-6 -0.00020980736352935994
1 -1 64728.0 -0.0001139293762968707 7.994699090003675e-6 -0.00020883901631247654
1 -1 64729.0 -0.00011596588130754623 8.296145708319914e-6 -0.00020784632902057394
1 -1 64730.0 -0.00011800136686168006 8.60191438613987e-6 -0.00020682901558878336
1 -1 64731.0 -0.00012003570534433739 8.912290349369414e-6 -0.00020578678434577297
1 -1 64732.0 -0.00012206875666747614 9.227577117828651e-6 -0.00020471933829273922
1 -1 64733.0 -0.00012410036750043778 9.548097752234e-6 -0.0002036263754160898
1 -1 64734.0 -0.00012613037046054005 9.874196206091836e-6 -0.0002025075890363261
1 -1 64735.0 -0.000128158583260988 1.0206238793735027e-5 -0.00020136266819568093
1 -1 64736.0 -0.00013018480781267828 1.0544615787100664e-5 -0.00020019129808738437
1 -1 64737.0 -0.00013220882927615442 1.0889743155358874e-5 -0.00019899316052955518
1 -1 64738.0 -0.000134230415059327 1.1242064463355506e-5 -0.00019776793448699146
1 -1 64739.0 -0.00013624931375611892 1.1602052946842408e-5 -0.00019651529664426958
1 -1 64740.0 -0.00013826525402030405 1.1970213784810886e-5 -0.0001952349220338977
1 -1 64741.0 -0.0001402779433679951 1.2347086591947399e-5 -0.00019392648472351973
1 -1 64742.0 -0.00014228706690119598 1.2733248157333885e-5 -0.00019258965856647328
1 -1 64743.0 -0.00014429228594360093 1.3129315459096549e-5 -0.00019122411802035375
1 -1 64744.0 -0.00014629323657836885 1.3535948988850349e-5 -0.00018982953903860675
1 -1 64745.0 -0.00014828952807585587 1.3953856424589568e-5 -0.00018840560004060043
1 -1 64746.0 -0.00015028074119722749 1.4383796696258696e-5 -0.0001869519829660939
1 -1 64747.0 -0.00015226642635735087 1.4826584494732558e-5 -0.0001854683744205666
1 -1 64748.0 -0.0001542461016274457 1.5283095282536563e-5 -0.0001839544669184422
1 -1 64749.0 -0.0001562192505543144 1.5754270873509192e-5 -0.00018240996023196558
1 -1 64750.0 -0.0001581853197686612 1.624112565903408e-5 -0.00018083456285426612
1 -1 64751.0 -0.00016014371634993292 1.674475357077969e-5 -0.0001792279935859081
1 -1 64752.0 -0.00016209380490853057 1.7266335884296552e-5 -0.0001775899832554437
1 -1 64753.0 -0.00016403490433853016 1.780714998493706e-5 -0.00017592027658567627
1 -1 64754.0 -0.0001659662841854325 1.8368579238218308e-5 -0.0001742186342180428
1 -1 64755.0 -0.0001678871605604277 1.8952124130171766e-5 -0.00017248483491040108
1 -1 64756.0 -0.00016979669152030304 1.9559414873316562e-5 -0.00017071867792383237
1 -1 64757.0 -0.00017169397181352456 2.0192225707639027e-5 -0.0001689199856172388
1 -1 64758.0 -0.0001735780268722572 2.085249116783207e-5 -0.000167088606270366
1 -1 64759.0 -0.00017544780590315017 2.1542324638586156e-5 -0.00016522441715895007
1 -1 64760.0 -0.00017730217389657317 2.2264039580627383e-5 -0.00016332732790891744
1 -1 64761.0 -0.00017913990233247803 2.3020173884263636e-5 -0.00016139728416030566
1 -1 64762.0 -0.00018095965830873593 2.3813517897611976e-5 -0.00015943427157599148
1 -1 64763.0 -0.00018275999175176248 2.4647146787557874e-5 -0.00015743832023527168
1 -1 64764.0 -0.00018453932028514417 2.5524458027907816e-5 -0.0001554095094581903
1 -1 64765.0 -0.00018629591122469388 2.6449214977892672e-5 -0.00015334797311295924
1 -1 64766.0 -0.00018802786003041207 2.7425597723592687e-5 -0.0001512539054660718
1 -1 64767.0 -0.00018973306436728882 2.8458262615946785e-5 -0.00014912756764288854
1 -1 64768.0 -0.00019140919269504034 2.955241226641761e-5 -0.000146969294774624
1 -1 64769.0 -0.00019305364600278552 3.071387817339781e-5 -0.00014477950391625003
1 -1 64770.0 -0.00019466351090316486 3.1949218673597894e-5 -0.00014255870282825912
1 -1 64771.0 -0.00019623550176791705 3.3265835576522376e-5 -0.00014030749972032932
1 -1 64772.0 -0.00019776588887310742 3.467211368682023e-5 -0.00013802661405653684
1 -1 64773.0 -0.00019925040855749298 3.6177588510135924e-5 -0.00013571688851573947
1 -1 64774.0 -0.0002006841500859156 3.7793148842122745e-5 -0.00013337930217872533
1 -1 64775.0 -0.0002020614121056802 3.953128276127833e-5 -0.0001310149849688409
1 -1 64776.0 -0.0002033755190814903 4.140637792785585e-5 -0.00012862523328457452
1 -1 64777.0 -0.00020461858459019163 4.34350901954972e-5 -0.0001262115266055474
1 -1 64778.0 -0.0002057812033957582 4.5636798617264314e-5 -0.00012377554458189674
1 -1 64779.0 -0.00020685204712662174 4.8034170285223064e-5 -0.00012131918365532894
1 -1 64780.0 -0.00020781732810615052 5.065386548120648e-5 -0.00011884457148240257
1 -1 64781.0 -0.000208660080850172 5.3527422825489205e-5 -0.00011635407612701369
1 -1 64782.0 -0.00020935918846753544 5.6692376047556415e-5 -0.00011385030480230306
1 -1 64783.0 -0.00020988804778863577 6.0193669191407655e-5 -0.00011133608326312077
1 -1 64784.0 -0.00021021271633253727 6.408545570740143e-5 -0.00010881440071298523
1 -1 64785.0 -0.0002102893063419787 6.843338809455732e-5 -0.00010628829444779209
1 -1 64786.0 -0.00021006027026098322 7.331752487048268e-5 -0.00010376063013824175
1 -1 64787.0 -0.00020944903292253943 7.883599034482667e-5 -0.00010123370179171956
1 -1 64788.0 -0.00020835212865195522 8.51094937406768e-5 -9.870851960171273e-5
1 -1 64789.0 -0.0002066275366782689 9.228668566037175e-5 -9.618355543661574e-5
1 -1 64790.0 -0.00020407719496423997 0.00010054995873428938 -9.365254202585683e-5
1 -1 64791.0 -0.0002004206341116004 0.00011012036309220963 -9.110061891491004e-5
1 -1 64792.0 -0.00019525535771583474 0.00012125809918807087 -8.849760805037697e-5
1 -1 64793.0 -0.00018799860949119337 0.00013425009698894765 -8.578641860001639e-5
1 -1 64794.0 -0.0001778070114872023 0.00014936575609966984 -8.286366877186396e-5
1 -1 64795.0 -0.0001634831836487416 0.0001667424081514812 -7.95496718844671e-5
1 -1 64796.0 -0.0001434222538743122 0.0001861353010434547 -7.555017666277074e-5
1 -1 64797.0 -0.00011576075170853751 0.0002064677995799548 -7.04337747374442e-5
1 -1 64798.0 -7.905343704840574e-5 0.00022527685966167862 -6.370021602651204e-5
1 -1 64799.0 -3.371457831051933e-5 0.00023865318784194314 -5.505746991149787e-5
1 -1 64800.0 1.6572608237807834e-5 0.00024269777755385152 -4.486761581475059e-5
1 -1 64801.0 6.560810536139246e-5 0.0002361704284481747 -3.4289990070907525e-5
1 -1 64802.0 0.00010794792258455017 0.00022149481364450404 -2.4715048144977174e-5
1 -1 64803.0 0.00014135436028496804 0.00020277950305559815 -1.7026725599878267e-5
1 -1 64804.0 0.00016638313726278746 0.0001834222608371748 -1.142271124423388e-5
1 -1 64805.0 0.00018475650285591964 0.00016532022288979497 -7.679975257308805e-6
1 -1 64806.0 0.00019824085655751123 0.00014920778564637228 -5.4409683807918675e-6
1 -1 64807.0 0.00020824296158397721 0.0001351858766719921 -4.363937004978287e-6
1 -1 64808.0 0.00021577772981729178 0.00012308319398639708 -4.170993943374343e-6
1 -1 64809.0 0.00022154980330696817 0.00011264355619798587 -4.650333167666446e-6
1 -1 64810.0 0.00022604352083747733 0.00010360841667137613 -5.644352090622274e-6
1 -1 64811.0 0.00022959311087034846 9.574740474891658e-5 -7.0363115498124996e-6
1 -1 64812.0 0.00023243172438071032 8.886584055725592e-5 -8.739279514847348e-6
1 -1 64813.0 0.0002347242986069124 8.280309128551308e-5 -1.0687847906011717e-5
1 -1 64814.0 0.00023658931086192907 7.742792239615265e-5 -1.2832169694424557e-5
1 -1 64814.0 0.0 0.0 0.0
1 55746 64814.0 -1.4602713578863242e8 -7.440139130869082e7 1.4098005735807328e7 12.670907686410082 -23.63009231916534 -2.90001516135435 2600.0
1 55746 64814.0 -1.4602713578863242e8 -7.440139130869082e7 1.4098005735807328e7 12.670907686410082 -23.63009231916534 -2.90001516135435 2560.0
1 55746 68646.5 1.2208707620378058e8 5.545939393305978e7 -1.2162616864902519e7 -12.663924291188863 30.232801124989457 3.2671176186536113 2560.0
1 55746 68646.5 1.2208707620378058e8 5.545939393305978e7 -1.2162616864902519e7 -12.663924291188863 30.232801124989457 3.2671176186536113 1.2086172026e12
1 -1 68646.5 0.0 0.0 0.0
1 -1 68646.5 -2.323350557544449e-13 -7.281412462657332e-14 -4.326272438571876e-13
1 -1 68647.5 -2.2505377910945872e-13 -6.398033482364316e-14 -4.378414327927021e-13
1 -1 68649.15938703268 -2.131172114592308e-13 -4.900946231535713e-14 -4.456758169228571e-13
1 -1 68651.70215588536 -1.95671000133478e-13 -2.5810505915240117e-14 -4.555156248681149e-13
1 -1 68655.84820980724 -1.7119178803710583e-13 1.083470122244363e-14 -4.658581199980729e-13
1 -1 68661.77434435817 -1.483068798660899e-13 5.667780805658533e-14 -4.703620971884743e-13
1 -1 68668.95429154187 -1.41139107953932e-13 9.930164599789729e-14 -4.654747493959261e-13
1 -1 68677.5412378882 -1.5748142340899886e-13 1.3442532522349004e-13 -4.5119534598817184e-13
1 -1 68687.40933589944 -2.0068179976929836e-13 1.6008435334871053e-13 -4.249089574030542e-13
1 -1 68698.62155302272 -2.711644733112278e-13 1.7617581091280138e-13 -3.7666924362917394e-13
1 -1 68710.93642562833 -3.608460475388495e-13 1.7951278864781534e-13 -2.898501263191462e-13
1 -1 68724.39014214976 -4.4469443330043213e-13 1.631483536947668e-13 -1.48584261364707e-13
1 -1 68739.01663818727 -4.797157277769733e-13 1.2427207751465683e-13 2.961550824287366e-14
1 -1 68754.94464512425 -4.521603981122988e-13 7.63761661536146e-14 1.9017219219978277e-13
1 -1 68772.06903658324 -3.9340553630398583e-13 3.645332390163114e-14 3.005845076756181e-13
1 -1 68791.20729728244 -3.294062714281078e-13 7.953408545036295e-15 3.713166555911003e-13
1 -1 68792.5 -3.254677296153813e-13 6.510113770678438e-15 3.748015241183135e-13
1 -1 68792.5 0.0 0.0 0.0
1 -3 68792.5 -1.489604591078743e8 -7.539982226975914e6 -3344.054652352467 1.0053804605115708 -28.65239343116959 -3.0374866671717444 1.2086172026e12
1 -3 68792.5 -1.489604591078743e8 -7.539982226975914e6 -3344.054652352467 1.0053804605115708 -28.65239343116959 -3.0374866671717444 1.2086172026e12